[5, 201, 233, 188, 96, 254, 101, 163]
[13, 201, 233, 188, 96, 254, 101, 163]
[21, 201, 233, 188, 96, 254, 101, 163]
[29, 201, 233, 188, 96, 254, 101, 163]
[37, 201, 233, 188, 96, 254, 101, 163]
[45, 201, 233, 188, 96, 254, 101, 163]
[53, 201, 233, 188, 96, 254, 101, 163]
[61, 201, 233, 188, 96, 254, 101, 163]
[69, 201, 233, 188, 96, 254, 101, 163]
[77, 201, 233, 188, 96, 254, 101, 163]
[85, 201, 233, 188, 96, 254, 101, 163]
[93, 201, 233, 188, 96, 254, 101, 163]
[101, 201, 233, 188, 96, 254, 101, 163]
[109, 201, 233, 188, 96, 254, 101, 163]
[117, 201, 233, 188, 96, 254, 101, 163]
[125, 201, 233, 188, 96, 254, 101, 163]
[133, 201, 233, 188, 96, 254, 101, 163]
[141, 201, 233, 188, 96, 254, 101, 163]
[149, 201, 233, 188, 96, 254, 101, 163]
[157, 201, 233, 188, 96, 254, 101, 163]
[165, 201, 233, 188, 96, 254, 101, 163]
[173, 201, 233, 188, 96, 254, 101, 163]
[181, 201, 233, 188, 96, 254, 101, 163]
[189, 201, 233, 188, 96, 254, 101, 163]
[197, 201, 233, 188, 96, 254, 101, 163]
[205, 201, 233, 188, 96, 254, 101, 163]
[213, 201, 233, 188, 96, 254, 101, 163]
[221, 201, 233, 188, 96, 254, 101, 163]
[229, 201, 233, 188, 96, 254, 101, 163]
[237, 201, 233, 188, 96, 254, 101, 163]
[245, 201, 233, 188, 96, 254, 101, 163]
[253, 201, 233, 188, 96, 254, 101, 163]
[0, 21, 119, 39, 166, 241, 131, 249]
[8, 21, 119, 39, 166, 241, 131, 249]
[16, 21, 119, 39, 166, 241, 131, 249]
[24, 21, 119, 39, 166, 241, 131, 249]
[32, 21, 119, 39, 166, 241, 131, 249]
[40, 21, 119, 39, 166, 241, 131, 249]
[48, 21, 119, 39, 166, 241, 131, 249]
[56, 21, 119, 39, 166, 241, 131, 249]
[64, 21, 119, 39, 166, 241, 131, 249]
[72, 21, 119, 39, 166, 241, 131, 249]
[80, 21, 119, 39, 166, 241, 131, 249]
[88, 21, 119, 39, 166, 241, 131, 249]
[96, 21, 119, 39, 166, 241, 131, 249]
[104, 21, 119, 39, 166, 241, 131, 249]
[112, 21, 119, 39, 166, 241, 131, 249]
[120, 21, 119, 39, 166, 241, 131, 249]
[128, 21, 119, 39, 166, 241, 131, 249]
[136, 21, 119, 39, 166, 241, 131, 249]
[144, 21, 119, 39, 166, 241, 131, 249]
[152, 21, 119, 39, 166, 241, 131, 249]
[160, 21, 119, 39, 166, 241, 131, 249]
[168, 21, 119, 39, 166, 241, 131, 249]
[176, 21, 119, 39, 166, 241, 131, 249]
[184, 21, 119, 39, 166, 241, 131, 249]
[192, 21, 119, 39, 166, 241, 131, 249]
[200, 21, 119, 39, 166, 241, 131, 249]
[208, 21, 119, 39, 166, 241, 131, 249]
[216, 21, 119, 39, 166, 241, 131, 249]
[224, 21, 119, 39, 166, 241, 131, 249]
[232, 21, 119, 39, 166, 241, 131, 249]
[240, 21, 119, 39, 166, 241, 131, 249]
[248, 21, 119, 39, 166, 241, 131, 249]